[429632,
438405,
559781,
571780,
589786,
622647,
654312,
674082,
681582,
693189,
693190,
693192,
713227,
713235,
713329,
718446,
734552,
739408,
739411,
739412,
744919,
745079,
746115,
747595,
747596,
750167,
750680,
751204,
751205,
751525,
756087,
765565,
767553,
792037,
803479,
809636,
823181,
829632,
864729,
871884,
876566,
876567,
877574,
883855,
889195,
890465,
890466,
890467,
897289,
899839,
900032,
900858,
901533,
901940,
903373,
903755,
907446,
920491,
925120,
925121,
925122,
961280,
980667,
981011,
984846,
997707,
1032258,
1070064,
1075634,
1089182,
1161030,
1164980,
1213255,
1229914,
1229915,
1229916,
1229917,
1229918,
1229919,
1229921,
1229922,
1229923,
1229924,
1258311]